0 0.33653846153846156 0.21754807692307693 0.12620192307692307 0.038461538461538464
0 0.36658653846153844 0.18870192307692307 0.14423076923076922 0.028846153846153848
0 0.3918269230769231 0.34134615384615385 0.11899038461538461 0.03365384615384615
0 0.40024038461538464 0.125 0.11899038461538461 0.03125
0 0.41346153846153844 0.4170673076923077 0.14182692307692307 0.038461538461538464
0 0.39903846153846156 0.140625 0.109375 0.03245192307692308
0 0.4170673076923077 0.0985576923076923 0.13942307692307693 0.030048076923076924
0 0.4519230769230769 0.26322115384615385 0.18028846153846154 0.03485576923076923
0 0.45552884615384615 0.22355769230769232 0.17307692307692307 0.038461538461538464
0 0.43990384615384615 0.36658653846153844 0.12139423076923077 0.03365384615384615
0 0.4831730769230769 0.18028846153846154 0.1622596153846154 0.018028846153846152
0 0.6069711538461539 0.7860576923076923 0.2403846153846154 0.11177884615384616
0 0.5288461538461539 0.13822115384615385 0.07211538461538461 0.021634615384615384
0 0.5444711538461539 0.09615384615384616 0.09134615384615384 0.019230769230769232
0 0.6213942307692307 0.5120192307692307 0.18269230769230768 0.06129807692307692
0 0.5721153846153846 0.07451923076923077 0.06129807692307692 0.018028846153846152
0 0.5805288461538461 0.046875 0.05889423076923077 0.013221153846153846
0 0.6538461538461539 0.36177884615384615 0.1346153846153846 0.03365384615384615
0 0.6478365384615384 0.25600961538461536 0.10817307692307693 0.025240384615384616
0 0.6574519230769231 0.3004807692307692 0.12740384615384615 0.028846153846153848
0 0.6478365384615384 0.21514423076923078 0.10336538461538461 0.020432692307692308
0 0.6430288461538461 0.11057692307692307 0.07572115384615384 0.019230769230769232
0 0.6454326923076923 0.11778846153846154 0.07932692307692307 0.019230769230769232
0 0.6682692307692307 0.1814903846153846 0.0985576923076923 0.016826923076923076
0 0.6598557692307693 0.0889423076923077 0.0733173076923077 0.013221153846153846
0 0.6730769230769231 0.1622596153846154 0.08413461538461539 0.013221153846153846
0 0.6742788461538461 0.13942307692307693 0.08173076923076923 0.02283653846153846
0 0.6778846153846154 0.4182692307692308 0.08774038461538461 0.06490384615384616
0 0.6742788461538461 0.12860576923076922 0.07692307692307693 0.020432692307692308
0 0.6790865384615384 0.04567307692307692 0.06610576923076923 0.018028846153846152
0 0.6838942307692307 0.0673076923076923 0.06610576923076923 0.016826923076923076
0 0.7740384615384616 0.11778846153846154 0.08653846153846154 0.020432692307692308
0 0.7848557692307693 0.07932692307692307 0.1045673076923077 0.02283653846153846
0 0.7776442307692307 0.025240384615384616 0.06490384615384616 0.013221153846153846
0 0.7932692307692307 0.046875 0.06971153846153846 0.014423076923076924
0 0.8305288461538461 0.2283653846153846 0.12139423076923077 0.028846153846153848
0 0.8257211538461539 0.16706730769230768 0.10697115384615384 0.016826923076923076
0 0.8064903846153846 0.051682692307692304 0.04326923076923077 0.018028846153846152
0 0.8389423076923077 0.18990384615384615 0.10336538461538461 0.025240384615384616
0 0.8641826923076923 0.2800480769230769 0.15144230769230768 0.03365384615384615
0 0.8762019230769231 0.3329326923076923 0.16947115384615385 0.03365384615384615
0 0.8930288461538461 0.375 0.171875 0.040865384615384616
0 0.9170673076923077 0.4098557692307692 0.15504807692307693 0.042067307692307696
0 0.9375 0.8125 0.1201923076923077 0.10096153846153846
0 0.9375 0.5252403846153846 0.1201923076923077 0.055288461538461536