0 0.3365885416666667 0.21728515625 0.12630208333333334 0.0380859375
0 0.3665364583333333 0.18896484375 0.14453125 0.0283203125
0 0.3912760416666667 0.34130859375 0.11848958333333333 0.0341796875
0 0.400390625 0.125 0.11848958333333333 0.03125
0 0.4134114583333333 0.41650390625 0.14192708333333334 0.0380859375
0 0.3984375 0.14111328125 0.109375 0.0322265625
0 0.4173177083333333 0.09912109375 0.13932291666666666 0.0302734375
0 0.4518229166666667 0.2626953125 0.1796875 0.03515625
0 0.455078125 0.22412109375 0.17317708333333334 0.0380859375
0 0.439453125 0.36669921875 0.12109375 0.0341796875
0 0.4837239583333333 0.1796875 0.16276041666666666 0.017578125
0 0.607421875 0.7861328125 0.24088541666666666 0.111328125
0 0.529296875 0.138671875 0.07161458333333333 0.021484375
0 0.5442708333333334 0.095703125 0.09114583333333333 0.01953125
0 0.62109375 0.51220703125 0.18229166666666666 0.0615234375
0 0.572265625 0.07470703125 0.061197916666666664 0.0185546875
0 0.580078125 0.046875 0.05859375 0.013671875
0 0.654296875 0.361328125 0.13411458333333334 0.033203125
0 0.6477864583333334 0.255859375 0.10807291666666667 0.025390625
0 0.6575520833333334 0.30078125 0.12760416666666666 0.029296875
0 0.6477864583333334 0.21533203125 0.10286458333333333 0.0205078125
0 0.6432291666666666 0.1103515625 0.07552083333333333 0.01953125
0 0.6451822916666666 0.1171875 0.07942708333333333 0.01953125
0 0.66796875 0.18115234375 0.09895833333333333 0.0166015625
0 0.66015625 0.0888671875 0.07291666666666667 0.013671875
0 0.6725260416666666 0.16259765625 0.08463541666666667 0.0126953125
0 0.673828125 0.13916015625 0.08203125 0.0224609375
0 0.677734375 0.41796875 0.08723958333333333 0.064453125
0 0.673828125 0.12841796875 0.07682291666666667 0.0205078125
0 0.6790364583333334 0.04541015625 0.06640625 0.0185546875
0 0.6842447916666666 0.06689453125 0.06640625 0.0166015625
0 0.7734375 0.11767578125 0.0859375 0.0205078125
0 0.78515625 0.07958984375 0.10416666666666667 0.0224609375
0 0.77734375 0.02490234375 0.06510416666666667 0.0126953125
0 0.79296875 0.04736328125 0.0703125 0.0146484375
0 0.830078125 0.228515625 0.12109375 0.029296875
0 0.8255208333333334 0.16748046875 0.10677083333333333 0.0166015625
0 0.806640625 0.05224609375 0.04296875 0.0185546875
0 0.8391927083333334 0.1904296875 0.10286458333333333 0.025390625
0 0.8645833333333334 0.2802734375 0.15104166666666666 0.033203125
0 0.8763020833333334 0.33251953125 0.16927083333333334 0.0341796875
0 0.8932291666666666 0.375 0.171875 0.041015625
0 0.9173177083333334 0.40966796875 0.15494791666666666 0.0419921875
0 0.9375 0.81201171875 0.11979166666666667 0.1005859375
0 0.9375 0.525390625 0.11979166666666667 0.0546875