0 0.072265625 0.3142414860681115 0.14453125 0.30030959752321984
0 0.12255859375 0.6160990712074303 0.1220703125 0.26006191950464397
0 0.20166015625 0.7871517027863777 0.1611328125 0.18111455108359134
0 0.2119140625 0.5719814241486069 0.1015625 0.23374613003095976
0 0.32763671875 0.8947368421052632 0.1982421875 0.2043343653250774
0 0.29345703125 0.5394736842105263 0.0771484375 0.2089783281733746
0 0.33056640625 0.6989164086687306 0.1162109375 0.14705882352941177
0 0.36767578125 0.521671826625387 0.0712890625 0.19504643962848298
0 0.43994140625 0.6664086687306502 0.0927734375 0.12538699690402477
0 0.4375 0.5116099071207431 0.0625 0.18421052631578946
0 0.48486328125 0.8753869969040248 0.1162109375 0.24303405572755418
0 0.5107421875 0.5077399380804953 0.0625 0.1826625386996904
0 0.546875 0.6687306501547987 0.083984375 0.13003095975232198
0 0.57275390625 0.5162538699690402 0.0712890625 0.18111455108359134
0 0.63916015625 0.8854489164086687 0.1689453125 0.22291021671826625
0 0.638671875 0.5294117647058824 0.076171875 0.19195046439628483
0 0.6513671875 0.7058823529411765 0.1015625 0.14860681114551083
0 0.65234375 0.3568111455108359 0.087890625 0.17182662538699692
0 0.71435546875 0.5503095975232198 0.0830078125 0.20278637770897834
0 0.78857421875 0.7825077399380805 0.1611328125 0.16873065015479877
0 0.79345703125 0.586687306501548 0.1025390625 0.23529411764705882
0 0.88330078125 0.6323529411764706 0.1259765625 0.2708978328173375
0 0.93603515625 0.3304953560371517 0.1142578125 0.28637770897832815