0 0.07211538461538461 0.3137019230769231 0.14423076923076922 0.3004807692307692
0 0.12259615384615384 0.6165865384615384 0.12259615384615384 0.25961538461538464
0 0.20192307692307693 0.7872596153846154 0.16105769230769232 0.1814903846153846
0 0.21153846153846154 0.5721153846153846 0.10096153846153846 0.23317307692307693
0 0.328125 0.8942307692307693 0.19831730769230768 0.20432692307692307
0 0.2932692307692308 0.5396634615384616 0.07692307692307693 0.2091346153846154
0 0.33052884615384615 0.6983173076923077 0.11658653846153846 0.1466346153846154
0 0.36778846153846156 0.5216346153846154 0.07091346153846154 0.19471153846153846
0 0.43990384615384615 0.6658653846153846 0.09254807692307693 0.125
0 0.4375 0.5120192307692307 0.0625 0.18389423076923078
0 0.484375 0.875 0.11658653846153846 0.24278846153846154
0 0.5108173076923077 0.5072115384615384 0.0625 0.18269230769230768
0 0.546875 0.6682692307692307 0.08413461538461539 0.12980769230769232
0 0.5733173076923077 0.5168269230769231 0.07091346153846154 0.1814903846153846
0 0.6394230769230769 0.8858173076923077 0.16947115384615385 0.22235576923076922
0 0.6382211538461539 0.5288461538461539 0.07572115384615384 0.19230769230769232
0 0.6514423076923077 0.7055288461538461 0.10096153846153846 0.14903846153846154
0 0.6526442307692307 0.35697115384615385 0.08774038461538461 0.171875
0 0.7139423076923077 0.5504807692307693 0.0829326923076923 0.203125
0 0.7884615384615384 0.7824519230769231 0.16105769230769232 0.16826923076923078
0 0.7932692307692307 0.5865384615384616 0.10216346153846154 0.23557692307692307
0 0.8834134615384616 0.6322115384615384 0.12620192307692307 0.2704326923076923
0 0.9362980769230769 0.33052884615384615 0.1141826923076923 0.2860576923076923