0 0.21754807692307693 0.8221153846153846 0.09134615384615384 0.21514423076923078
0 0.2764423076923077 0.6502403846153846 0.06971153846153846 0.16466346153846154
0 0.30408653846153844 0.96875 0.038461538461538464 0.057692307692307696
0 0.33052884615384615 0.46875 0.04447115384615385 0.12620192307692307
0 0.35096153846153844 0.7487980769230769 0.04326923076923077 0.125
0 0.35096153846153844 0.4230769230769231 0.038461538461538464 0.11658653846153846
0 0.375 0.6814903846153846 0.038461538461538464 0.12740384615384615
0 0.39783653846153844 0.21033653846153846 0.03485576923076923 0.06490384615384616
0 0.5036057692307693 0.8209134615384616 0.21634615384615385 0.35336538461538464
0 0.484375 0.38221153846153844 0.03365384615384615 0.09254807692307693
0 0.6995192307692307 0.7487980769230769 0.15144230769230768 0.31490384615384615
0 0.7536057692307693 0.328125 0.04447115384615385 0.07091346153846154
0 0.8617788461538461 0.3245192307692308 0.013221153846153846 0.037259615384615384