0 0.21728515625 0.8220588235294117 0.0908203125 0.21470588235294116
0 0.2763671875 0.65 0.0703125 0.16470588235294117
0 0.3037109375 0.9683823529411765 0.0390625 0.057352941176470586
0 0.330078125 0.46911764705882353 0.044921875 0.1264705882352941
0 0.3515625 0.7492647058823529 0.04296875 0.125
0 0.3505859375 0.4227941176470588 0.0390625 0.1161764705882353
0 0.375 0.6816176470588236 0.0390625 0.12794117647058822
0 0.3974609375 0.21029411764705883 0.03515625 0.06470588235294118
0 0.50341796875 0.8205882352941176 0.2158203125 0.35294117647058826
0 0.48388671875 0.3816176470588235 0.0341796875 0.09264705882352942
0 0.69970703125 0.7485294117647059 0.1513671875 0.31470588235294117
0 0.75390625 0.32794117647058824 0.044921875 0.07058823529411765
0 0.8623046875 0.32426470588235295 0.013671875 0.03676470588235294