0 0.12109375 0.7448529411764706 0.087890625 0.21029411764705883
0 0.21826171875 0.763235294117647 0.0849609375 0.1676470588235294
0 0.35107421875 0.7345588235294118 0.0966796875 0.07205882352941176
0 0.44482421875 0.7536764705882353 0.0439453125 0.14852941176470588
0 0.53759765625 0.7404411764705883 0.0537109375 0.1338235294117647
0 0.62158203125 0.7389705882352942 0.0556640625 0.1426470588235294
0 0.70458984375 0.31838235294117645 0.1044921875 0.1514705882352941
0 0.7216796875 0.2595588235294118 0.080078125 0.2073529411764706
0 0.76953125 0.2161764705882353 0.068359375 0.22941176470588234
0 0.8369140625 0.15294117647058825 0.12890625 0.23529411764705882
0 0.890625 0.2051470588235294 0.177734375 0.2691176470588235