0 0.12139423076923077 0.7451923076923077 0.08774038461538461 0.21033653846153846
0 0.21875 0.7632211538461539 0.08533653846153846 0.16706730769230768
0 0.35096153846153844 0.734375 0.09615384615384616 0.07211538461538461
0 0.44471153846153844 0.7536057692307693 0.04447115384615385 0.14903846153846154
0 0.5372596153846154 0.7403846153846154 0.054086538461538464 0.13341346153846154
0 0.6213942307692307 0.7391826923076923 0.055288461538461536 0.14302884615384615
0 0.7043269230769231 0.31850961538461536 0.1045673076923077 0.15144230769230768
0 0.7211538461538461 0.25961538461538464 0.08052884615384616 0.20793269230769232
0 0.7692307692307693 0.21634615384615385 0.06850961538461539 0.22956730769230768
0 0.8365384615384616 0.15264423076923078 0.12860576923076922 0.23557692307692307
0 0.890625 0.20552884615384615 0.1778846153846154 0.2692307692307692