0 0.5576923076923077 0.671875 0.21875 0.484375
0 0.38822115384615385 0.7848557692307693 0.11298076923076923 0.10216346153846154
0 0.3858173076923077 0.6526442307692307 0.10697115384615384 0.12379807692307693
0 0.3918269230769231 0.9158653846153846 0.11778846153846154 0.140625
0 0.39663461538461536 0.5336538461538461 0.1045673076923077 0.14783653846153846
0 0.4206730769230769 0.42908653846153844 0.10576923076923077 0.14903846153846154
0 0.4483173076923077 0.35697115384615385 0.0985576923076923 0.1658653846153846
0 0.47836538461538464 0.29086538461538464 0.08533653846153846 0.16105769230769232
0 0.7632211538461539 0.8112980769230769 0.2620192307692308 0.37259615384615385
0 0.7740384615384616 0.5336538461538461 0.14302884615384615 0.22596153846153846
0 0.9038461538461539 0.5036057692307693 0.10096153846153846 0.25841346153846156