0 0.5576171875 0.6719457013574661 0.21875 0.4841628959276018
0 0.3876953125 0.7843137254901961 0.11328125 0.10256410256410256
0 0.38525390625 0.6530920060331825 0.1064453125 0.12368024132730016
0 0.39208984375 0.916289592760181 0.1181640625 0.14027149321266968
0 0.39697265625 0.5339366515837104 0.1044921875 0.1478129713423831
0 0.4208984375 0.4291101055806938 0.10546875 0.1493212669683258
0 0.44775390625 0.3574660633484163 0.0986328125 0.16591251885369532
0 0.47802734375 0.29034690799396684 0.0849609375 0.16138763197586728
0 0.763671875 0.8107088989441931 0.26171875 0.37254901960784315
0 0.77392578125 0.5339366515837104 0.1435546875 0.22624434389140272
0 0.904296875 0.5030165912518854 0.1015625 0.2579185520361991