0 0.0733173076923077 0.5072115384615384 0.11177884615384616 0.13942307692307693
0 0.038461538461538464 0.6274038461538461 0.037259615384615384 0.06490384615384616
0 0.04927884615384615 0.7067307692307693 0.038461538461538464 0.07451923076923077
0 0.046875 0.7944711538461539 0.030048076923076924 0.08774038461538461
0 0.07572115384615384 0.6225961538461539 0.03485576923076923 0.078125
0 0.08052884615384616 0.7043269230769231 0.037259615384615384 0.08413461538461539
0 0.08774038461538461 0.7956730769230769 0.03125 0.07692307692307693
0 0.11899038461538461 0.7103365384615384 0.038461538461538464 0.08173076923076923
0 0.1201923076923077 0.6237980769230769 0.036057692307692304 0.07211538461538461
0 0.12740384615384615 0.7920673076923077 0.03365384615384615 0.08052884615384616
0 0.1875 0.5060096153846154 0.10697115384615384 0.14302884615384615
0 0.15264423076923078 0.7091346153846154 0.030048076923076924 0.0829326923076923
0 0.16346153846153846 0.6237980769230769 0.04447115384615385 0.07932692307692307
0 0.16466346153846154 0.7800480769230769 0.036057692307692304 0.07091346153846154
0 0.19831730769230768 0.6213942307692307 0.04807692307692308 0.08413461538461539
0 0.1971153846153846 0.7067307692307693 0.03485576923076923 0.07451923076923077
0 0.19831730769230768 0.7824519230769231 0.038461538461538464 0.07692307692307693
0 0.23076923076923078 0.7067307692307693 0.038461538461538464 0.0733173076923077
0 0.2403846153846154 0.6213942307692307 0.051682692307692304 0.08413461538461539
0 0.24158653846153846 0.7824519230769231 0.039663461538461536 0.06850961538461539
0 0.29447115384615385 0.5024038461538461 0.10216346153846154 0.13581730769230768
0 0.2668269230769231 0.7007211538461539 0.03125 0.06129807692307692
0 0.27884615384615385 0.6237980769230769 0.039663461538461536 0.07692307692307693
0 0.28365384615384615 0.7884615384615384 0.04447115384615385 0.06971153846153846
0 0.296875 0.7127403846153846 0.03365384615384615 0.07091346153846154
0 0.3173076923076923 0.6153846153846154 0.04447115384615385 0.08533653846153846
0 0.3329326923076923 0.7283653846153846 0.037259615384615384 0.07572115384615384
0 0.35697115384615385 0.6213942307692307 0.04447115384615385 0.0829326923076923
0 0.3713942307692308 0.7319711538461539 0.042067307692307696 0.07091346153846154
0 0.40384615384615385 0.5012019230769231 0.09615384615384616 0.14543269230769232
0 0.39302884615384615 0.6225961538461539 0.042067307692307696 0.07692307692307693
0 0.421875 0.7211538461538461 0.042067307692307696 0.078125
0 0.42788461538461536 0.6165865384615384 0.04927884615384615 0.08413461538461539
0 0.46274038461538464 0.7331730769230769 0.039663461538461536 0.078125
0 0.4879807692307692 0.6274038461538461 0.06610576923076923 0.11778846153846154
0 0.5096153846153846 0.49278846153846156 0.10216346153846154 0.13701923076923078
0 0.5060096153846154 0.734375 0.03365384615384615 0.07692307692307693
0 0.5492788461538461 0.7379807692307693 0.04326923076923077 0.08413461538461539
0 0.5625 0.625 0.06850961538461539 0.11538461538461539
0 0.5985576923076923 0.47836538461538464 0.0673076923076923 0.11057692307692307
0 0.5853365384615384 0.7367788461538461 0.03245192307692308 0.07572115384615384
0 0.6334134615384616 0.6117788461538461 0.07211538461538461 0.1201923076923077
0 0.6322115384615384 0.7331730769230769 0.038461538461538464 0.08173076923076923
0 0.671875 0.4795673076923077 0.07091346153846154 0.11298076923076923
0 0.6766826923076923 0.7379807692307693 0.04567307692307692 0.078125
0 0.7115384615384616 0.6105769230769231 0.06971153846153846 0.11778846153846154
0 0.7295673076923077 0.734375 0.039663461538461536 0.07932692307692307
0 0.75 0.4807692307692308 0.07091346153846154 0.11658653846153846
0 0.7884615384615384 0.609375 0.078125 0.11778846153846154
0 0.78125 0.7223557692307693 0.051682692307692304 0.08653846153846154
0 0.8485576923076923 0.35096153846153844 0.140625 0.10096153846153846
0 0.8257211538461539 0.4831730769230769 0.0733173076923077 0.1141826923076923
0 0.828125 0.7211538461538461 0.04326923076923077 0.07572115384615384
0 0.8629807692307693 0.6153846153846154 0.08052884615384616 0.11298076923076923
0 0.8798076923076923 0.7283653846153846 0.040865384615384616 0.0733173076923077
0 0.8882211538461539 0.4543269230769231 0.056490384615384616 0.08653846153846154
0 0.9146634615384616 0.5252403846153846 0.0829326923076923 0.04447115384615385
0 0.9242788461538461 0.7247596153846154 0.04326923076923077 0.07692307692307693
0 0.9423076923076923 0.6105769230769231 0.07572115384615384 0.1045673076923077
0 0.9387019230769231 0.4543269230769231 0.04927884615384615 0.07932692307692307
0 0.9711538461538461 0.7199519230769231 0.03485576923076923 0.07692307692307693