0 0.07373046875 0.5075268817204301 0.1123046875 0.13978494623655913
0 0.0380859375 0.6268817204301075 0.037109375 0.06451612903225806
0 0.0498046875 0.706989247311828 0.0390625 0.07419354838709677
0 0.04736328125 0.7946236559139785 0.0302734375 0.08817204301075268
0 0.0751953125 0.6231182795698925 0.03515625 0.07849462365591398
0 0.0810546875 0.7043010752688172 0.037109375 0.08387096774193549
0 0.087890625 0.7956989247311828 0.03125 0.07741935483870968
0 0.11865234375 0.710752688172043 0.0380859375 0.08172043010752689
0 0.11962890625 0.6241935483870967 0.0361328125 0.07204301075268817
0 0.126953125 0.7919354838709678 0.033203125 0.08064516129032258
0 0.1875 0.5059139784946236 0.107421875 0.14301075268817204
0 0.15283203125 0.7091397849462365 0.0302734375 0.08279569892473118
0 0.1630859375 0.6236559139784946 0.044921875 0.07956989247311828
0 0.16455078125 0.7795698924731183 0.0361328125 0.07096774193548387
0 0.19873046875 0.621505376344086 0.0478515625 0.08387096774193549
0 0.197265625 0.706989247311828 0.03515625 0.07419354838709677
0 0.19873046875 0.782258064516129 0.0380859375 0.07634408602150537
0 0.23095703125 0.7064516129032258 0.0380859375 0.07311827956989247
0 0.24072265625 0.621505376344086 0.0517578125 0.08387096774193549
0 0.24169921875 0.7827956989247312 0.0400390625 0.06881720430107527
0 0.29443359375 0.5021505376344086 0.1025390625 0.13548387096774195
0 0.2666015625 0.7005376344086022 0.03125 0.06129032258064516
0 0.27880859375 0.6236559139784946 0.0400390625 0.07741935483870968
0 0.283203125 0.7887096774193548 0.044921875 0.06989247311827956
0 0.29736328125 0.7129032258064516 0.0341796875 0.07096774193548387
0 0.3173828125 0.6155913978494624 0.044921875 0.08494623655913978
0 0.3330078125 0.7279569892473118 0.037109375 0.07526881720430108
0 0.35693359375 0.6209677419354839 0.0439453125 0.08279569892473118
0 0.37158203125 0.7322580645161291 0.0419921875 0.07096774193548387
0 0.40380859375 0.5016129032258064 0.0966796875 0.14516129032258066
0 0.39306640625 0.6220430107526882 0.0419921875 0.07634408602150537
0 0.42138671875 0.7209677419354839 0.0419921875 0.07849462365591398
0 0.42822265625 0.6161290322580645 0.0498046875 0.08387096774193549
0 0.46240234375 0.7327956989247312 0.0400390625 0.07849462365591398
0 0.48828125 0.6268817204301075 0.06640625 0.11827956989247312
0 0.50927734375 0.493010752688172 0.1025390625 0.13655913978494624
0 0.50634765625 0.7338709677419355 0.0341796875 0.07634408602150537
0 0.5498046875 0.7376344086021506 0.04296875 0.08387096774193549
0 0.5625 0.625268817204301 0.068359375 0.11505376344086021
0 0.59814453125 0.47795698924731184 0.0673828125 0.110752688172043
0 0.58544921875 0.7365591397849462 0.0322265625 0.07526881720430108
0 0.6337890625 0.6118279569892473 0.072265625 0.12043010752688173
0 0.6318359375 0.7333333333333333 0.0390625 0.08172043010752689
0 0.67138671875 0.4790322580645161 0.0712890625 0.11290322580645161
0 0.67724609375 0.7381720430107527 0.0458984375 0.07849462365591398
0 0.7109375 0.6102150537634409 0.0703125 0.11720430107526882
0 0.72998046875 0.7344086021505376 0.0400390625 0.07956989247311828
0 0.75048828125 0.4806451612903226 0.0712890625 0.11612903225806452
0 0.7880859375 0.6096774193548387 0.078125 0.11827956989247312
0 0.78076171875 0.7220430107526882 0.0517578125 0.08709677419354839
0 0.8486328125 0.35053763440860214 0.140625 0.1010752688172043
0 0.82568359375 0.4827956989247312 0.0732421875 0.11397849462365592
0 0.828125 0.7215053763440861 0.04296875 0.07526881720430108
0 0.86328125 0.6155913978494624 0.080078125 0.11290322580645161
0 0.8798828125 0.7279569892473118 0.041015625 0.07311827956989247
0 0.8876953125 0.45483870967741935 0.056640625 0.08602150537634409
0 0.91455078125 0.5252688172043011 0.0830078125 0.04408602150537634
0 0.9248046875 0.7241935483870968 0.04296875 0.07634408602150537
0 0.9423828125 0.6102150537634409 0.076171875 0.1043010752688172
0 0.9384765625 0.45483870967741935 0.048828125 0.07956989247311828
0 0.970703125 0.7204301075268817 0.03515625 0.07741935483870968