0 0.24365234375 0.6477864583333334 0.0224609375 0.022135416666666668
0 0.255859375 0.6477864583333334 0.021484375 0.02734375
0 0.365234375 0.619140625 0.099609375 0.17838541666666666
0 0.43212890625 0.5611979166666666 0.0810546875 0.13802083333333334
0 0.4921875 0.5787760416666666 0.087890625 0.09244791666666667
0 0.52880859375 0.537109375 0.0947265625 0.13411458333333334
0 0.7001953125 0.5227864583333334 0.099609375 0.16276041666666666
0 0.7568359375 0.1875 0.052734375 0.059895833333333336
0 0.8134765625 0.37890625 0.126953125 0.1640625
0 0.8134765625 0.15690104166666666 0.033203125 0.032552083333333336
0 0.861328125 0.14908854166666666 0.037109375 0.03515625
0 0.86474609375 0.3893229166666667 0.0439453125 0.07552083333333333
0 0.9560546875 0.3567708333333333 0.083984375 0.109375
0 0.97021484375 0.3196614583333333 0.0556640625 0.08203125