0 0.2439903846153846 0.6478365384615384 0.02283653846153846 0.021634615384615384
0 0.25600961538461536 0.6478365384615384 0.021634615384615384 0.027644230769230768
0 0.36538461538461536 0.6189903846153846 0.09975961538461539 0.1778846153846154
0 0.4326923076923077 0.5612980769230769 0.08052884615384616 0.13822115384615385
0 0.49278846153846156 0.5793269230769231 0.08774038461538461 0.09254807692307693
0 0.5288461538461539 0.5372596153846154 0.09495192307692307 0.1346153846153846
0 0.7007211538461539 0.5228365384615384 0.09975961538461539 0.1622596153846154
0 0.7572115384615384 0.1875 0.052884615384615384 0.06009615384615385
0 0.8137019230769231 0.3786057692307692 0.12740384615384615 0.16346153846153846
0 0.8137019230769231 0.15745192307692307 0.03365384615384615 0.03245192307692308
0 0.8617788461538461 0.14903846153846154 0.037259615384615384 0.03485576923076923
0 0.8641826923076923 0.3894230769230769 0.04447115384615385 0.07572115384615384
0 0.9555288461538461 0.35697115384615385 0.08413461538461539 0.109375
0 0.9699519230769231 0.31971153846153844 0.055288461538461536 0.08173076923076923