0 0.06490384615384616 0.7728365384615384 0.06971153846153846 0.11177884615384616
0 0.06850961538461539 0.9254807692307693 0.07572115384615384 0.11057692307692307
0 0.19951923076923078 0.2704326923076923 0.2776442307692308 0.46153846153846156
0 0.20793269230769232 0.921875 0.07692307692307693 0.13822115384615385
0 0.21153846153846154 0.7680288461538461 0.07572115384615384 0.1346153846153846
0 0.38822115384615385 0.3425480769230769 0.30649038461538464 0.4735576923076923
0 0.3545673076923077 0.9254807692307693 0.08052884615384616 0.1201923076923077
0 0.3581730769230769 0.7680288461538461 0.07572115384615384 0.1141826923076923
0 0.4951923076923077 0.9254807692307693 0.078125 0.1346153846153846
0 0.5 0.7692307692307693 0.08052884615384616 0.12860576923076922
0 0.640625 0.7680288461538461 0.07091346153846154 0.11298076923076923
0 0.6430288461538461 0.9254807692307693 0.06971153846153846 0.11298076923076923
0 0.7860576923076923 0.7716346153846154 0.09134615384615384 0.11899038461538461
0 0.7860576923076923 0.9242788461538461 0.08653846153846154 0.11658653846153846
0 0.9266826923076923 0.7716346153846154 0.10096153846153846 0.10096153846153846
0 0.9314903846153846 0.9290865384615384 0.10096153846153846 0.0829326923076923