0 0.0654296875 0.7734265734265734 0.0703125 0.11188811188811189
0 0.068359375 0.9251748251748252 0.076171875 0.11048951048951049
0 0.19921875 0.2699300699300699 0.27734375 0.46153846153846156
0 0.20849609375 0.9223776223776223 0.0771484375 0.13846153846153847
0 0.21142578125 0.7678321678321678 0.0751953125 0.13426573426573427
0 0.3876953125 0.34195804195804197 0.306640625 0.47412587412587415
0 0.3544921875 0.9258741258741259 0.080078125 0.12027972027972028
0 0.3583984375 0.7678321678321678 0.076171875 0.11468531468531469
0 0.4951171875 0.9258741258741259 0.078125 0.13426573426573427
0 0.50048828125 0.7692307692307693 0.0810546875 0.12867132867132866
0 0.64013671875 0.7685314685314686 0.0712890625 0.11328671328671329
0 0.642578125 0.9251748251748252 0.0703125 0.11328671328671329
0 0.78662109375 0.7713286713286713 0.0908203125 0.11888111888111888
0 0.7861328125 0.9237762237762238 0.0859375 0.11608391608391608
0 0.92724609375 0.772027972027972 0.1005859375 0.1006993006993007
0 0.93115234375 0.9293706293706294 0.1005859375 0.08251748251748252