0 0.6466346153846154 0.6802884615384616 0.11177884615384616 0.12860576923076922
0 0.20432692307692307 0.8413461538461539 0.046875 0.11778846153846154
0 0.21875 0.6838942307692307 0.051682692307692304 0.06850961538461539
0 0.25841346153846156 0.9855769230769231 0.055288461538461536 0.02403846153846154
0 0.3088942307692308 0.5805288461538461 0.038461538461538464 0.055288461538461536
0 0.3233173076923077 0.7403846153846154 0.06850961538461539 0.12860576923076922
0 0.36778846153846156 0.9158653846153846 0.0889423076923077 0.16346153846153846
0 0.390625 0.5048076923076923 0.038461538461538464 0.038461538461538464
0 0.4362980769230769 0.6322115384615384 0.08173076923076923 0.11778846153846154
0 0.4675480769230769 0.43990384615384615 0.038461538461538464 0.027644230769230768
0 0.5096153846153846 0.7932692307692307 0.10216346153846154 0.140625
0 0.546875 0.5372596153846154 0.07932692307692307 0.0985576923076923
0 0.5420673076923077 0.37259615384615385 0.026442307692307692 0.03125
0 0.6322115384615384 0.2920673076923077 0.03125 0.028846153846153848
0 0.6658653846153846 0.42908653846153844 0.08533653846153846 0.09495192307692307
0 0.6658653846153846 0.2860576923076923 0.039663461538461536 0.038461538461538464
0 0.7055288461538461 0.22235576923076922 0.04927884615384615 0.042067307692307696
0 0.7716346153846154 0.3317307692307692 0.11899038461538461 0.0985576923076923
0 0.7548076923076923 0.21033653846153846 0.039663461538461536 0.03485576923076923
0 0.9050480769230769 0.42908653846153844 0.13822115384615385 0.11899038461538461
0 0.9711538461538461 0.28365384615384615 0.052884615384615384 0.09495192307692307