0 0.64697265625 0.6803385416666666 0.1123046875 0.12890625
0 0.2041015625 0.8411458333333334 0.046875 0.1171875
0 0.21923828125 0.6842447916666666 0.0517578125 0.06901041666666667
0 0.25830078125 0.9856770833333334 0.0556640625 0.0234375
0 0.30859375 0.5807291666666666 0.0390625 0.0546875
0 0.3232421875 0.740234375 0.068359375 0.12890625
0 0.36767578125 0.9153645833333334 0.0888671875 0.1640625
0 0.39013671875 0.5052083333333334 0.0380859375 0.0390625
0 0.4365234375 0.6328125 0.08203125 0.1171875
0 0.46728515625 0.439453125 0.0380859375 0.02734375
0 0.50927734375 0.79296875 0.1025390625 0.140625
0 0.54736328125 0.5377604166666666 0.0791015625 0.09895833333333333
0 0.54248046875 0.3723958333333333 0.0263671875 0.03125
0 0.6318359375 0.2916666666666667 0.03125 0.028645833333333332
0 0.66552734375 0.4290364583333333 0.0849609375 0.09505208333333333
0 0.66552734375 0.2864583333333333 0.0400390625 0.0390625
0 0.705078125 0.22265625 0.048828125 0.041666666666666664
0 0.771484375 0.33203125 0.119140625 0.09895833333333333
0 0.75439453125 0.21028645833333334 0.0400390625 0.03515625
0 0.90478515625 0.4290364583333333 0.1376953125 0.11848958333333333
0 0.9716796875 0.283203125 0.052734375 0.09505208333333333