0 0.708984375 0.8708661417322835 0.1015625 0.1984251968503937
0 0.08447265625 0.4220472440944882 0.1591796875 0.2992125984251969
0 0.2607421875 0.6606299212598425 0.125 0.27244094488188975
0 0.3388671875 0.4110236220472441 0.02734375 0.05354330708661417
0 0.41943359375 0.44881889763779526 0.1474609375 0.08503937007874016
0 0.37060546875 0.33307086614173226 0.0263671875 0.08031496062992126
0 0.3857421875 0.30551181102362207 0.025390625 0.07244094488188976
0 0.40185546875 0.27716535433070866 0.0341796875 0.06299212598425197
0 0.421875 0.24881889763779527 0.044921875 0.06929133858267716
0 0.4736328125 0.22283464566929134 0.037109375 0.04251968503937008
0 0.53271484375 0.1125984251968504 0.0927734375 0.10551181102362205
0 0.5380859375 0.7811023622047244 0.103515625 0.23937007874015748
0 0.56591796875 0.415748031496063 0.1494140625 0.1763779527559055
0 0.69091796875 0.5346456692913386 0.1455078125 0.15590551181102363
0 0.73095703125 0.3188976377952756 0.0908203125 0.18425196850393702
0 0.8486328125 0.2866141732283465 0.173828125 0.2204724409448819