0 0.7091346153846154 0.8713942307692307 0.10096153846153846 0.19831730769230768
0 0.08413461538461539 0.421875 0.15865384615384615 0.29927884615384615
0 0.2608173076923077 0.6610576923076923 0.125 0.27283653846153844
0 0.3389423076923077 0.4110576923076923 0.027644230769230768 0.054086538461538464
0 0.41947115384615385 0.4483173076923077 0.14783653846153846 0.08533653846153846
0 0.3701923076923077 0.3329326923076923 0.026442307692307692 0.08052884615384616
0 0.3858173076923077 0.30528846153846156 0.025240384615384616 0.07211538461538461
0 0.4014423076923077 0.2776442307692308 0.03365384615384615 0.0625
0 0.421875 0.24879807692307693 0.04447115384615385 0.06971153846153846
0 0.4735576923076923 0.22235576923076922 0.037259615384615384 0.042067307692307696
0 0.5324519230769231 0.11298076923076923 0.09254807692307693 0.10576923076923077
0 0.5384615384615384 0.78125 0.10336538461538461 0.23918269230769232
0 0.5661057692307693 0.41586538461538464 0.14903846153846154 0.17668269230769232
0 0.6911057692307693 0.5348557692307693 0.14543269230769232 0.15625
0 0.7307692307692307 0.31850961538461536 0.09134615384615384 0.18389423076923078
0 0.8485576923076923 0.2860576923076923 0.17427884615384615 0.21995192307692307